49 3 3 21
0.0681158 0.11968 -0.00411302 -0.0200697 0.137322 -0.0350071 0.300031 0.0536459 -0.989337 0.399438 -0.130412 0.389259 -0.668598 0.0707315 0.053111 0.473245 -0.310594 0.312803 -0.248225 1.01234 -0.0298451 -0.0687466 0.0231388 0.321725 -0.0887094 -0.0189479 -0.230551 -0.0782382 -0.189517 0.260598 0.0131772 -0.0817242 -0.106234 0.298051 -0.339587 -0.278721 -1.42795 -0.195484 0.218352 0.146839 -1.28957 -0.213665 0.135285 0.0726152 -0.0586627 0.509222 0.219354 0.0263644 0.0146362 
0.0336446 -0.134393 -0.0178259 -0.0330172 0.00239887 0.0245328 -0.349378 -0.0871657 1.09628 -0.328601 -0.228198 -0.315241 0.958434 -0.00348211 0.129434 -0.279977 -0.0241447 -0.270396 -0.094166 -0.803574 -0.0762517 -0.0056415 -0.452493 -0.303002 0.0633219 0.133151 -0.0560011 -0.0431413 -0.087999 -0.215664 -0.039714 0.160962 0.0237762 -0.175479 0.0759812 -0.0232699 1.20365 -0.0137234 -0.472431 -0.421208 1.19174 0.0373383 -0.195931 0.0302521 0.072768 -0.473846 -0.0999124 -0.0689402 -0.0600779 
0.166036 0.103347 -0.0342703 -0.0193173 0.0421413 0.127328 -0.0361563 0.0762124 -0.831559 -0.958007 -0.0313462 -1.10542 -0.710746 -0.0655097 -0.05362 -1.29932 0.991361 -0.0749202 0.853077 -0.808831 -0.0541208 0.059362 -0.150491 -0.101676 0.0769957 -0.134254 0.0124437 0.0870008 1.21501 -1.0166 0.0230417 -0.0223655 -0.0462518 -1.29871 0.901345 0.995106 -0.163446 -0.0464259 0.0599075 0.104967 -0.183987 0.899575 0.0130763 0.088484 -0.122588 -0.0337944 -0.0174252 0.214039 0.131779 
0.129496 0.0579693 0.0690239 0.0440673 0.0271108 -0.0522412 -0.0221798 0.00404201 -0.722046 -0.657513 -0.104193 -0.656161 -0.491076 0.00263864 0.0202256 -0.859945 0.585391 0.104297 0.463429 -0.345993 -0.0618591 0.0811545 -0.125141 0.0794906 -0.0371205 -0.220148 0.0176535 0.0187784 0.67363 -0.68086 -0.0391532 0.0700628 0.047192 -0.803695 0.551955 0.669212 -0.19637 -0.0473319 0.0311514 0.0454547 -0.138774 0.482348 0.173717 0.0137671 0.0510871 0.0706093 0.0689243 0.0786959 0.104691 
0.0287038 0.0532723 0.114147 0.0821105 0.104234 0.0245125 -0.021962 0.0967191 0.611831 0.120012 -0.02671 0.223131 0.554037 -0.104563 0.0609215 0.153377 -0.150586 -0.127131 -0.132913 -0.0948146 -0.0822671 -0.0570935 -0.109489 -0.0621306 -0.0738548 0.0751622 0.044636 0.0942931 -0.275385 0.164849 0.0484441 -0.0300956 0.0304824 0.248087 -0.0426196 -0.200323 0.449157 0.173943 -0.166576 -0.155701 0.432699 -0.124129 -0.0191078 -0.0527237 0.0377687 -0.129217 -0.0552322 -0.0883199 -0.0081821 
0.0685455 0.0948965 -0.179596 0.0169073 0.0511519 0.106001 0.188548 -0.0305768 -1.70259 -0.503008 -0.0991866 -0.603452 -1.41906 0.113528 -0.141712 -0.681653 0.615394 0.11649 0.51853 -0.144799 0.0227028 -0.0715613 0.0583912 0.286161 -0.0205345 -0.253764 -0.271844 0.0153381 0.774475 -0.570893 -0.0595535 -0.029322 -0.112636 -0.865808 0.429554 0.729786 -1.29276 -0.209945 0.261814 0.0330608 -1.2266 0.591082 0.315523 0.0487836 0.00851753 0.0740693 0.161182 0.179123 0.184754 
0.122464 0.147125 0.0376836 -0.0815918 0.0722422 0.031119 0.104982 0.0809865 -0.561201 -0.0112959 -0.0819592 -0.109386 -0.561028 -0.0245817 0.0459337 -0.1631 0.110965 0.170908 0.129731 0.154718 -0.0333773 0.0185974 0.0521736 0.0323662 0.0301945 -0.0503912 -0.0377119 0.0448504 0.106568 -0.183412 -0.00436462 -0.138966 -0.129869 -0.210867 0.0278036 0.226711 -0.558142 -0.132844 0.200233 0.0984206 -0.593853 0.0613086 0.0704382 0.0297081 0.00364343 0.161057 0.00416795 -0.0431078 -0.016597 
-0.0666533 -0.0863569 0.01448 -0.0468903 -0.0696098 -0.0650176 -0.0619354 0.0167141 1.03757 0.325952 0.00956848 0.379496 0.831325 0.0329479 0.0839987 0.497905 -0.575289 -0.0807464 -0.485515 0.0973655 -0.10593 -0.0554714 -0.17091 -0.119892 -0.0279042 0.210489 -0.0306563 0.0795121 -0.709724 0.346017 -0.0875466 0.119665 0.100295 0.50163 -0.515483 -0.469318 0.760395 -0.013664 -0.362787 -0.113546 0.754366 -0.484007 -0.169017 0.0734425 -0.0737487 -0.233778 -0.125822 -0.202453 -0.063142 
0.196395 -0.00735757 -0.179057 -0.048764 0.00491132 0.129189 0.188697 -0.011488 -1.75192 -0.51829 -0.119894 -0.65685 -1.40521 0.0424381 -0.123392 -0.698894 0.565783 0.0101485 0.587174 -0.167226 0.132711 -0.00426887 -0.0849563 0.325942 -0.0246688 -0.259022 -0.180257 -0.0660701 0.748239 -0.668816 0.0464978 -0.124536 -0.0962858 -0.76939 0.45724 0.689552 -1.18979 -0.380728 0.237384 0.138432 -1.22243 0.562982 0.196862 -0.0601349 -0.0910404 0.156578 0.0427871 0.238867 0.186069 
0.142954 -0.0400041 -0.0427764 -0.0159406 -0.0533801 -0.0231781 0.0124224 0.0065692 -0.713522 -0.748671 -0.147992 -0.875007 -0.597937 -0.0680729 0.016045 -1.05188 0.881523 -0.00627759 0.752292 -0.591418 0.0646823 0.0185623 -0.100016 -0.00879779 -0.0384269 -0.140752 0.0064257 0.0236894 0.973311 -0.798523 -0.041915 -0.0274122 0.0350467 -0.939753 0.742696 0.77299 -0.14107 -0.165075 0.135851 -0.0324493 -0.0331494 0.718488 0.0838196 -0.101214 -0.12737 -0.0550511 -0.0108019 0.242302 0.128043 
-0.00937811 0.193156 -0.110765 -0.0359223 0.119582 0.0337667 0.644225 -0.062747 -2.33371 0.277657 -0.30716 0.220341 -1.60558 0.0815186 -0.120951 0.220412 -0.246052 0.453512 -0.0186399 1.48218 0.10843 0.0572701 0.0121347 0.632635 -0.00523745 -0.0591397 -0.411817 0.0599291 -0.102666 0.142872 0.0414138 -0.184103 -0.156455 0.0278932 -0.318891 -0.191575 -2.86724 -0.65678 0.491174 0.104346 -2.77964 -0.215035 0.340966 -0.0820264 0.0253348 0.923728 0.360141 0.0227418 0.192389 
0.0809296 0.0504371 0.0142434 0.0133465 -0.0856876 0.0345239 -0.0352015 0.0401821 -0.446312 -0.333837 -0.0162875 -0.532206 -0.376792 -0.0105458 -0.109982 -0.487087 0.468551 0.0471744 0.376494 -0.331468 -0.0147934 -0.06731 -0.0215322 -0.0983416 0.0774034 -0.073551 0.031605 0.0165365 0.538242 -0.440592 0.087609 -0.103002 -0.103182 -0.521624 0.420094 0.43518 -0.190757 -0.0243316 0.185503 0.0974098 -0.13442 0.373798 0.12436 0.0889095 0.0688314 0.129889 0.0940933 0.0943847 0.0505124 
0.00460861 -0.00105639 0.0850003 0.00239303 0.0420725 0.105006 -0.0651448 -0.0083922 -0.215215 -0.535316 0.0288215 -0.692684 -0.208679 0.0534719 -0.0451732 -0.777714 0.640166 -0.0225171 0.489969 -0.599645 -0.0250609 -0.0469674 -0.0527849 0.00175425 -0.0191429 -0.0762618 0.0315761 -0.0780445 0.64991 -0.672651 0.0120753 0.0322887 0.0367981 -0.721361 0.427558 0.622225 0.167893 -0.097689 -0.0912756 -0.0549131 0.0545199 0.57313 0.0357728 0.0527384 0.05478 0.0442624 -0.060446 0.135454 0.0219431 
-0.0759513 -0.187162 0.184283 -0.0496095 -0.0596989 -0.00769793 -0.490069 0.0798863 1.93006 -0.129901 -0.354388 0.0971312 1.3217 -0.02506 0.118397 0.19896 -0.506338 -0.400336 -0.653073 -0.885305 -0.206526 0.0191237 -0.672827 -0.443256 -0.127005 0.235962 -0.354817 -0.0678351 -0.852717 0.00933825 0.0309787 0.248341 0.0432154 0.269124 -0.550031 -0.675844 1.55364 -0.059703 -0.965859 -0.748793 1.50846 -0.481389 -0.381502 -0.0934258 -0.00136654 -0.583913 -0.236061 -0.241698 -0.0965194 
-0.138476 0.0511841 -0.0582196 0.0107396 0.0858031 -0.044188 0.158576 0.0293424 0.0418992 0.407825 0.0746334 0.591261 0.182476 0.065138 0.0905042 0.579478 -0.445689 0.0412073 -0.300033 0.536992 0.0199723 -0.097471 0.00905449 0.0144953 -0.0880213 -0.0100524 0.0215053 -0.0883895 -0.450334 0.59043 -0.075773 0.0474689 -0.0379253 0.558648 -0.418143 -0.54073 -0.308287 -0.0102504 0.09366 0.12957 -0.274827 -0.375371 0.051016 -0.0565226 -0.0459424 0.192143 0.045863 -0.207313 0.0900137 
0.0627486 0.0951965 -0.129823 -0.0445707 0.0303628 0.114242 0.402117 -0.0113322 -2.17886 0.096498 -0.254153 -0.108929 -1.63147 0.0867649 -0.065604 -0.181836 0.0279619 0.348692 0.167856 0.750449 0.197138 -0.0182058 0.112976 0.432369 -0.0250045 -0.201392 -0.375349 0.0779625 0.160977 -0.0570756 0.0632487 -0.108103 -0.120073 -0.228679 -0.103883 -0.0303683 -2.37739 -0.588087 0.424575 0.0763773 -2.18366 0.0725933 0.324148 -0.0176229 -0.112549 0.446907 0.218633 0.160697 0.0888992 
-0.07462 0.147543 -0.062647 -0.0978635 -0.00137149 0.1344 0.567706 -0.0667812 -1.58581 0.5139 -0.22644 0.319478 -1.10437 0.158047 -0.0169536 0.528094 -0.553946 0.458974 -0.150402 1.32984 0.0710154 -0.0738239 0.110001 0.34257 0.0238681 -0.0570698 -0.411339 0.0875428 -0.335132 0.263312 0.109308 -0.16832 -0.235019 0.396037 -0.531338 -0.402931 -2.28297 -0.578902 0.365598 -0.0207279 -2.21862 -0.403711 0.176058 0.0190776 -0.0988133 0.862451 0.249908 -0.128152 0.18892 
0.0821179 0.0962453 -0.0217514 0.0196395 -0.0232884 -0.0282929 0.330829 -0.02014 -1.81476 -0.00194587 -0.271079 -0.119432 -1.39533 0.00222155 -0.0525194 -0.190976 -0.00708638 0.159317 0.199247 0.698087 0.165308 0.0577727 0.095283 0.288693 -0.0721435 -0.0916504 -0.377918 0.0855732 0.0686318 -0.113759 0.0170503 -0.140571 -0.104208 -0.196352 -0.0674764 0.146418 -1.86089 -0.336661 0.291852 0.142184 -1.8386 0.00648301 0.183335 0.053911 -0.0495834 0.499821 0.270704 0.130288 0.218825 
0.0535205 -0.0215902 0.0386423 0.0622533 -0.0209418 7.19749e-05 -0.106966 -0.0941048 0.468211 -0.302536 -0.0422093 -0.3972 0.234678 0.0117292 0.0899471 -0.321534 0.244895 -0.0901854 0.143001 -0.616204 0.0221007 -0.0879657 -0.0822246 -0.190538 -0.045004 -0.0691108 0.0634262 0.0894002 0.23227 -0.302382 0.046063 0.15338 -0.0213495 -0.374336 0.297915 0.304897 0.758221 0.0508955 -0.112389 -0.0411745 0.702672 0.294245 -0.0257644 -0.0953344 0.0118101 -0.202301 -0.00869984 0.123804 -0.0850524 
-0.152057 -0.0819981 0.00683507 -0.0417446 -0.0664824 -0.069444 -0.374712 0.0295044 1.26945 -0.403437 -0.0992093 -0.275445 0.904669 -0.0372132 0.116463 -0.277328 -0.0770853 -0.290218 -0.21577 -0.880904 -0.20919 0.0696832 -0.428823 -0.263975 0.00634042 0.052944 -0.118988 -0.0415137 -0.223174 -0.328026 0.00856386 0.101048 0.0256794 -0.127356 -0.0206424 -0.113174 1.332 0.106869 -0.697436 -0.492724 1.23561 -0.164119 -0.156301 -0.0414712 0.0610443 -0.480301 -0.172197 -0.132833 -0.228496 
0.00660887 -0.0790193 -0.00143865 0.0986435 -0.0698392 0.038937 -0.310209 0.0335817 1.37309 0.00947551 -0.0134586 0.0698723 1.03442 -0.132159 0.137279 0.040907 -0.258267 -0.26943 -0.370466 -0.556202 -0.122615 0.0209675 -0.258966 -0.279719 -0.0331695 -0.0077416 -0.107104 -0.0616739 -0.382463 0.0230541 -0.0521246 0.15448 0.037413 0.14921 -0.210755 -0.356067 1.21389 0.00111338 -0.633529 -0.299269 1.23838 -0.155215 -0.223103 -0.0436468 -0.0565165 -0.470143 -0.193804 -0.0391758 -0.0985752 
0.976877 -0.869708 -0.51627 -0.282653 -0.372222 -0.0060665 0.27462 -0.22695 -0.00894868 -0.414237 1.43151 -0.228369 -0.376989 -0.887336 0.24945 0.733357 1.46117 0.709696 -0.731452 -0.88387 -0.858801 
-0.85196 0.576669 -0.880785 -0.655868 0.151665 -0.724607 -0.52418 0.452653 -0.683885 -0.760507 -1.46674 -0.612217 -0.555776 1.34409 -0.0283812 -0.892928 -1.27531 -0.783543 -0.065912 0.699085 0.729926 
-0.626595 -0.00785219 0.9397 0.634417 -0.501973 0.459465 0.0410661 -0.855125 0.466391 0.810362 -0.701185 0.430023 0.642051 -0.643709 -0.885005 -0.264062 -0.731561 -0.138801 0.179247 -0.0622091 -0.495766 
